0 0.5 0.5 0.4625246548323471
10 0.44247205785667326 0.6143984220907297 0.5207100591715976
20 0.7103879026955949 0.628862590401052 0.47731755424063116
30 0.7140039447731756 0.7001972386587771 0.4802761341222879
40 0.5811965811965811 0.5956607495069033 0.43359631821170286
50 0.6955950032873109 0.49375410913872453 0.42110453648915186
60 0.6988823142669297 0.7416173570019724 0.385930309007232
70 0.7554240631163708 0.6745562130177515 0.4204470742932282
80 0.636094674556213 0.4250493096646943 0.3076923076923077
90 0.39053254437869817 0.40039447731755423 0.30670611439842205
100 0.43359631821170286 0.44247205785667326 0.3326758711374096
110 0.4861932938856016 0.4043392504930966 0.34615384615384615
120 0.5032873109796187 0.3152531229454306 0.33826429980276135
130 0.5131492439184746 0.42077580539118997 0.46712689020381326
140 0.5838264299802762 0.6778435239973701 0.3793556870479947
150 0.6104536489151874 0.388560157790927 0.3461538461538462
160 0.5315581854043392 0.5105193951347797 0.3938198553583168
170 0.3974358974358974 0.4372123602892834 0.42110453648915186
180 0.5424063116370809 0.5401051939513478 0.5082182774490467
190 0.6653517422748192 0.6827744904667982 0.4293228139381985
200 0.7646285338593032 0.7011834319526626 0.4723865877712032
210 0.6821170282708744 0.6755424063116371 0.5433925049309664
220 0.7261669953977646 0.6745562130177515 0.46614069690992765
230 0.6998685075608152 0.6758711374095989 0.5802103879026956
240 0.7800788954635107 0.6370808678500987 0.5726495726495726
250 0.4878369493754109 0.5775805391190006 0.6617357001972387
260 0.5128205128205128 0.5269559500328732 0.4559500328731098
270 0.5568704799474031 0.7301117685733071 0.4523339907955293
280 0.6847468770545693 0.6748849441157133 0.49408284023668636
290 0.6946088099934254 0.7146614069690993 0.5115055884286653
300 0.6886916502301118 0.7166337935568705 0.6476002629848784
310 0.6877054569362262 0.7199211045364892 0.44280078895463515
320 0.5976331360946745 0.7255095332018409 0.5598290598290598
330 0.7314266929651545 0.7038132807363577 0.5634451019066403
340 0.5627876397107167 0.7140039447731754 0.5519395134779751
350 0.361275476660092 0.37179487179487175 0.5210387902695595
360 0.7330703484549639 0.7176199868507561 0.4789612097304405
370 0.7054569362261671 0.7468770545693623 0.6479289940828402
380 0.7008547008547008 0.7656147271531888 0.5769230769230769
390 0.6048652202498357 0.7596975673898752 0.6009204470742933
400 0.6758711374095989 0.7557527942143327 0.5447074293228139
410 0.650887573964497 0.46679815910585143 0.4927679158448389
420 0.47435897435897434 0.5332018408941486 0.4171597633136095
430 0.42570677186061806 0.47403024326101245 0.6561472715318869
440 0.3954635108481262 0.41321499013806706 0.5138067061143985
450 0.6383957922419461 0.618671926364234 0.33826429980276135
460 0.6903353057199212 0.6397107166337935 0.4135437212360289
470 0.5384615384615385 0.5706771860618014 0.653517422748192
480 0.571992110453649 0.5782380013149244 0.6245890861275477
490 0.6111111111111112 0.5759368836291913 0.3238001314924392
500 0.591387245233399 0.5838264299802761 0.7235371466140698
510 0.7281393819855358 0.6969099276791585 0.5874424720578567
520 0.7518080210387903 0.6975673898750822 0.5808678500986193
530 0.7432610124917818 0.7107166337935569 0.49013806706114404
540 0.7537804076265614 0.7123602892833663 0.7011834319526626
550 0.6538461538461539 0.6623931623931625 0.631163708086785
560 0.6426692965154504 0.6111111111111112 0.7041420118343196
570 0.6354372123602893 0.5788954635108481 0.6190006574621959
580 0.6107823800131492 0.5552268244575937 0.5703484549638396
590 0.5831689677843523 0.6196581196581197 0.5795529257067719
600 0.6798159105851413 0.5963182117028271 0.5226824457593688
610 0.7468770545693623 0.5151216305062458 0.48422090729783035
620 0.6229454306377383 0.5598290598290598 0.6676528599605522
630 0.6255752794214333 0.6199868507560816 0.4414858645627876
640 0.5920447074293229 0.6357659434582512 0.49243918474687703
650 0.6965811965811967 0.641025641025641 0.5966469428007889
660 0.6170282708744248 0.6416831032215647 0.34648257725180803
670 0.6600920447074293 0.6364234056541749 0.62853385930309
680 0.6554898093359631 0.6084812623274162 0.7485207100591715
690 0.7389875082182774 0.5831689677843523 0.7057856673241288
700 0.4904667981591059 0.571663379355687 0.6275476660092045
710 0.47666009204470744 0.6019066403681789 0.4589086127547666
720 0.4608809993425378 0.5982905982905983 0.361275476660092
730 0.5611439842209074 0.60913872452334 0.3704799474030243
740 0.539447731755424 0.611439842209073 0.5190664036817882
750 0.6393819855358317 0.626232741617357 0.571663379355687
760 0.598948060486522 0.6476002629848784 0.5535831689677844
770 0.5065746219592373 0.6646942800788954 0.534845496383958
780 0.5907297830374754 0.6203155818540433 0.3487836949375411
790 0.6541748849441157 0.5936883629191322 0.5325443786982249
800 0.594017094017094 0.5834976988823143 0.45923734385272846
810 0.6038790269559501 0.5611439842209073 0.46712689020381326
820 0.6324786324786325 0.5723208415516108 0.42603550295857984
830 0.5818540433925049 0.5542406311637081 0.3359631821170283
840 0.6413543721236029 0.5598290598290598 0.50525969756739
850 0.5946745562130177 0.5332018408941486 0.34714003944773175
860 0.589086127547666 0.5082182774490467 0.5644312952005259
870 0.5253122945430637 0.5128205128205128 0.2905982905982907
880 0.5157790927021697 0.4868507560815253 0.3155818540433925
890 0.5437212360289283 0.48323471400394474 0.4316239316239316
900 0.5762656147271532 0.4786324786324786 0.47961867192636426
910 0.5578566732412886 0.47633136094674555 0.5289283366206443
920 0.5193951347797502 0.4674556213017751 0.6291913214990138
930 0.47698882314266927 0.45299145299145294 0.39349112426035504
940 0.4907955292570677 0.4487179487179487 0.4884944115713346
950 0.4957264957264957 0.4368836291913215 0.4572649572649573
960 0.47435897435897434 0.4168310322156476 0.3905325443786982
970 0.48685075608152534 0.40302432610124916 0.6581196581196581
980 0.43162393162393164 0.38658777120315574 0.4612097304404997
990 0.4635108481262328 0.3816568047337278 0.6433267587113741
